1605304
576056
518605
597871
602821
596970
397176
531536
1603794
1602715
1609708
1600756
602324
603522
1602535
596576
1604972
598203
1613437
1600292
601384
603646
1602028
605554
1611512
598955
1599019
597378
1607420
594511
596907
580633
604079
596494
604405
1607352
1602167
604546
512429
568981
605958
1599196
600612
602213
605951
1611107
1607153
570147
596884
530614
596416
603733
571863
601903
1590270
602600
558863
600095
572686
601705
604556
1604792
548414
604492
596010
601315
1603099
520890
603224
601311
605122
548733
550701
1609341
603852
1608335
1608888
1611756
1597656
1604325
1603659
598258
605771
1613705
510199
1604909
420528
566449
545203
553337
1608312
548635
591533
1613807
586077
578975
512879
604689
605674
599455
1604573
582004
576842
603351
600577
604215
579197
602515
1604521
592066
589820
539479
566087
1605697
1599313
587354
1605658
600208
1601156
600981
604911
592263
605680
457877
603437
1600381
1609295
524317
472293
604608
580079
600933
602772
1598331
1601115
605176
534930
602174
440861
1604734
560613
483941
605371
1600470
1597272
590411
557965
1612313
604446
590143
1612310
604350
1612265
601180
1605821
1602358
1612073
1605191
1608220
605510
478823
591290
577420
581255
597881
1607179
1601830
1603457
601105
522273
605298
444221
603637
1608908
603072
1606315
605292
601673
1607269
1601750
578657
598690
497282
603813
595309
514186
594640
1602928
563936
603811
1603831
1612634
1610362
597907
1599569
1605002
602539
604501
1605999
1604372
1607103
1607546
324550
477926
1612927
447811
606044
598814
495434
602727
598553
601823
1614024
1599379
542468
553014
596906
594012
553562
597831
597429
589401
602506
604171
1608481
479654
603791
604078
601528
550427
585589
602953
1609510
516695
1608162
1599979
593143
596762
605635
1611063
1601447
1608658
556446
1607225
602652
601082
603497
525208
575299
602552
603319
602388
1603738
584188
592404
583408
603259
605909
603702
596744
143771
592635
1600909
1612689
539995
599857
1612524
1612130
1602887
1612176
102972
1599650
587869
603443
588186
605331
1611293
586410
598728
605338
605703
605704
434835
1605642
602811
603404
1607895
1598875
605504
1600234
590992
605814
602131
603891
191676
162543
600077
605097
1609784
483236
1612459
1612355
1602450
605569
604866
1606798
1609414
603035
1601704
1613363
605142
1607482
1608003
1607642
595549
605158
567051
601136
572473
1609224
605439
449978
588728
540394
1604068
1611618
597175
602049
604381
1602492
573957
603562
570829
1607191
597864
605895
554422
1603701
571258
1597321
578108
586802
1599226
603531
1604104
476241
597465
598357
603100
603538
601787
599180
415986
1610423
597264
1602787
593644
1605598
602357
604314
599060
603294
316418
605245
1602393
1607822
593456
579682
1607618
1601488
1611717
1610555
599738
606037
1603507
547895
1608452
576488
1612750
586740
602186
596896
1596816
1597190
1603268
1608012
585943
602344
596787
591736
603218
602616
1613670
601498
580448
594437
594340
603465
597410
603198
1607768
604548
575820
582568
601364
1613676
1613856
1613855
600047
1604237
518868
1608702
1609600
604680
600366
54149
597003
598764
589747
590810
605744
1603313
593357
594724
597624
595040
573326
601343
603671
601564
1600988
1596963
602668
605965
404986
263702
1607675
602660
602913
529660
602487
549500
602482
1609455
1597831
1605113
1612003
598103
1612416
597646
1608099
1608975
597282
1606198
1606133
546134
605061
597521
595226
1603358
586285
555600
1602597
547472
542020
1609396
549617
581714
604568
605213
578404
601998
1598224
600769
1608026
605697
597435
1613400
582687
1598917
1605479
1604637
603555
1602862
517990
600822
1611392
573243
1604840
535873
1609647
585050
1600527
592008
1608856
588125
475678
598099
597730
604835
601570
599308
583748
604668
1597446
590556
586235
602711
605446
1610172
577090
1601020
605829
601062
587155
1600767
597853
605844
596855
1606555
568606
1610214
1601608
601725
599744
598585
604719
474321
602307
576885
600634
1600732
538735
604339
603663
132938
599983
1609778
593899
482075
557039
599785
1606420
605279
605232
1601862
582330
597981
601203
580243
601613
565525
1606816
1613329
602451
1606677
601431
1610859
1603935
1613636
1607379
585450
533876
605837
605629
605835
1600833
571528
575881
1610911
605620
1611350
1609912
1606325
1605236
584877
503992
549888
596772
523738
541158
585877
410365
1606253
604122
542960
596173
1602639
600131
572866
1610592
1613521
1611147
501860
603934
1596440
598164
529219
598424
1613741
600317
600250
604582
1608493
1605785
600257
598168
604710
605973
1598792
1608252
519520
596659
1607977
605710
604651
604650
599276
605497
605491
533379
393958
490067
1606981
602431
345205
605304
223059
601096
562982
591450
602791
1608387
602942
1605903
602287
1598493
1602252
536060
1597626
602532
598288
1608630
598291
1609031
1613064
507313
1604497
1600174
1597410
462587
1601887
604877
603306
1602095
603026
605403
605433
602567
517244
603456
583876
604975
605285
1597959
597349
1605159
273797
1608592
466137
1605048
1605625
1613296
597571
1610695
577355
597572
1605447
584659
492495
574290
1604186
597813
606097
604375
606091
1609261
1602473
589244
605888
599625
582923
487964
1608813
1600677
14056
603119
527347
595952
600702
597495
552042
600870
582489
593984
1602418
526111
551228
1610961
1612709
1601810
601154
605575
1601776
605223
604305
592583
583197
605971
1611642
505166
1608539
1609385
605949
1610547
606020
545548
606025
1601659
577627
1613472
588458
586619
576493
1602674
601485
494431
1611217
597225
601845
602373
357697
1611798
1604432
593026
597407
604274
603058
584717
605880
536365
1606923
1603070
1600794
574539
604754
603871
598128
588573
592769
604753
1589902
1613915
1607939
47566
1598597
605612
604597
599539
605611
605903
604852
1599919
1606491
1610809
605750
605756
1609948
522077
586357
600452
540198
602577
1608422
1598454
590941
532110
1607123
603274
573013
604745
604054
1603205
591793
481380
1597704
602904
602494
1613015
604533
521587
1610603
1605265
1604044
556160
573409
583832
604938
1603992
1611553
599380
597530
585693
1612496
599549
535235
1613530
597104
605359
597107
1604614
1609188
604928
600299
591566
1613252
548923
1605747
600291
541573
602401
1610448
1607466
1605408
427140
585062
597697
582731
1600108
1606359
1598144
603013
546798
455078
601287
606050
603904
604921
1599522
1606183
555702
1611863
597780
604276
599093
596617
1597098
1602759
604326
603088
1603970
1609672
1610077
595491
595719
1612387
1601344
596982
587068
606085
603595
526337
601730
604242
606083
603610
1600620
583492
390881
576591
593795
567804
1603409
1601297
601236
597082
600880
1605359
596465
597998
468782
546993
573589
587520
593708
601376
593067
601603
587483
604140
537816
604027
604062
602028
605765
581842
601545
598419
572388
605821
1608247
1608091
564645
569287
1601669
603333
558720
248888
604020
599721
586313
1610629
603419
1600842
1604469
601301
603238
1608850
1602142
604521
1613702
603723
604480
598655
594281
592204
433608
602594
1606861
1607045
488907
602116
602841
605762
1611034
604462
594827
605239
597144
605482
604702
569451
595103
537214
1608584
599465
573716
1606828
598461
559704
602685
575388
602528
584542
603833
1603885
412676
1611472
585409
591111
1613950
544527
1605528
1611691
1597546
427027
599947
604315
603808
601662
1612578
592112
1612801
598028
604844
585220
434316
597661
1598733
600901
597664
1606286
1610785
605165
601012
599211
1605223
605563
590342
1608183
593200
602937
606143
598080
595434
526170
1588380
603475
1598404
1603233
604362
606104
434035
1603560
603426
1609752
604159
1612207
560458
570577
563683
1604881
580601
598843
599898
1612851
596628
1614037
603517
603040
575110
594138
541744
1608711
508696
1609598
604992
600808
1599695
597243
601165
597713
1601543
601743
603691
1607320
1606230
604514
1613170
605981
602367
1598364
490452
606135
602363
604291
1610017
606031
604009
604191
603768
1613576
514991
540966
591657
389756
1613204
603762
1610302
1602066
599035
177991
437104
604204
603881
1606525
1604134
1603590
588957
601515
1613116
603869
498277
1608758
605109
1609375
592898
602962
605915
397468
574225
1603148
587639
602096
1611966
1609830
1608133
597027
1598685
1613783
1606572
1603626
561855
491337
601948
583946
603264
581800
1597872
384966
601586
584853
566827
592803
603707
603481
562933
1604679
1604771
338592
560836
604735
597298
1606638
598145
1607728
571094
433935
1608370
595799
575516
599492
605781
597057
574188
555058
541810
600946
1603132
496197
602146
601330
1605558
1611887
604859
1601053
1602991
596275
1599792
591872
1604404
370323
579331
1608979
605365
589545
605130
532470
594176
598884
1601935
1602332
594941
597591
1607252
604772
1600025
1611596
605420
1609088
1609120
605427
